5           
100 80       

6  2


0     140    500    600    810
140    0     300    284    572    
500   300    0      500    478 
600   284    500     0     760
810   572    478    760     0 


           
55     80            
6      7               
40     33              
7      5              
66     40   

5         

   
10            
NP   2   5    3   150             
SP   3   2    4   280             
EP   5   3    2   190   3        
NP   7   4    5   120             
EP  10   5    1   530   2        
SP  12   6    3   190            
NP  22   7    4   480            
NP  24   8    2   260           
SP  25   9    4   630           
EP  27   10   5   290   1        



4        
8   5  
18  4 
25  7  
77  8 