5           
100 80       

5    3

0     145    505    605    815
145    0     305    285    575    
505   305    0      505    475 
605   285    505     0     765
815   575    475    765     0 


           
55     80             
6      7               
40     33              
7      5              
66     40       

7   

   
5           
NP   4   5    3   155             
SP   5   2    4   285             
EP   7   3    2   195   3        
NP   8   4    5   125                   
EP   10  1    1   120   4


2       
8   4 
18  8 
 