5           
130  80       


0     1520    5870    6204    8100
1520    0     5030    2845    5724    
5870   5030    0      3450    4784 
6204   2845    3450    0      7600 
8100   5724    4784   7600     0 



5     8              
6     7              
4     3              
7     5              
6     4              


20            
NP   2    1    3    1530             
SP   2    2    4    2834             
EP   3    3    2    3927    3         
NP   6    4    5    1263              
EP  10    5    1    5367    2        
SP  12    6    3    1982             
NP  16    7    4    4837             
NP  20    8    2    2646             
SP  24    9    4    6378            
EP  25   10    5    2910    1        
NP  30   11    2    7982             
EP  40   12    1    3627    5        
SP  48   13    3    1263             
SP  52   14    5    2673             
EP  60   15    1    3546    4        
EP  65   16    2    7982    1        
NP  70   17    5    2871             
NP  75   18    4    3254             
NP  80   19    1    1284             
SP  83   20    3    3265             



4        
8   4   
22  8   
18  7   
77  18  