5           
200  100

7     4       


0     111    555    666    888
111    0     333    222    777    
555   333    0      666    444 
666   222    666     0     999
888   777    444    999     0 


           
55     80            
6      7               
40     33             
7      5              
66     40 

9
           

5            
NP   3     6    2    155             
SP   10    2    1    288             
EP   14    3    2    399   4       
NP   18    4    3    122             
EP   20    5    5    533   1            



2       
8   6 
22  4  
