5           
130  80 

10   5


0     1400   5000   6000   8100
1400   0     3000   2840   5720   
5000  3000   0      5000   4780
6000  2840   5000    0     7600
8100  5720   4780   7600    0 


   
550    800          
600    700        
400    330            
700    500           
660    400           

9

10            
NP   2    5   3    1500           
SP   3    2   4    2800           
EP   5    3   2    3900   3   
NP   6    4   5    1200           
EP  10    5   1    5300   2    
SP  12    6   3    1900          
NP  15    7   4    4800          
NP  21    8   2    2600          
SP  24    9   4    6300         
EP  25    1   5    2900   1    



4        
8   2   
22  6   
18  15   
77  21  

